epoch,walk_length: 20 - accuracy,walk_length: 40 - accuracy,walk_length: 60 - accuracy,walk_length: 80 - accuracy,wl64_run1,wl64_run2,wl64_run3,wl64_run4,wl64_run5
0,0.0,0.0,0.0,0.0,0.0,0.0,0.0,0.0,0.0
1,0.048556236438637,0.1045566179451107,0.1408569589165216,0.1629032642647655,0.1452681275185388,0.1451059872672214,0.1479720546508023,0.1474904027277713,0.1464651040797348
2,0.1374520136388564,0.2542073010801402,0.279076754333675,0.2860058656620329,0.2814468633014616,0.279076754333675,0.2810128996876416,0.2789575335606476,0.2805312477646105
3,0.222055843010086,0.2926869977824936,0.3025537089582488,0.3020386752187701,0.30160471160495,0.2998116311786166,0.2995255013233506,0.3018669973056105,0.3007653973628365
4,0.2623190824769307,0.3051050335010372,0.3087865709721262,0.3052767114141969,0.3075275996089558,0.3078900307589595,0.3073702281885596,0.3083621450201483,0.3060874126707837
5,0.2834116216409547,0.3087102696773885,0.3126397863563747,0.3044278595102411,0.3079234125754072,0.3074942177925082,0.3074179164977705,0.3089391735616013,0.3065881399174992
6,0.2927632990772312,0.3135554018932258,0.3115000357662318,0.3029638284174635,0.3079615632227759,0.3095638904122654,0.3064784568063139,0.3074560671451394,0.3063926178497341
7,0.2998545506569064,0.3130928252938793,0.309444669639238,0.3014664155082381,0.3063783113569708,0.3074608359760605,0.3060015737142039,0.3053673192016977,0.3049619685734043
8,0.30394620758721,0.3143899473044183,0.3090154748563389,0.3037888361668137,0.306578602255657,0.3060969503326259,0.3051813347957748,0.3042180309497126,0.3046424569016905
9,0.3079711008846181,0.3142993395169174,0.3080903216576455,0.3035456257898376,0.3064498438207873,0.3041274231622118,0.3036886907174706,0.3026729297312764,0.3066215217339469
10,0.3105224254274065,0.3122153604043969,0.3111185292925439,0.3024678700016691,0.3068456567872386,0.3024869453253535,0.3052099477813014,0.3016953193924509,0.3058298958010444
